week,Top 10 Gross,Overall Gross,Releases
1,132775766.41666667,155875732.66666666,88.75
2,122621792.8125,149859356.3125,88.1875
3,144106715.15,173497607.55,85.9
4,101773826.66666667,131358061.16666667,95.5
5,81159020.0,105663109.41666667,98.58333333333333
6,116846154.83333333,139394977.08333334,101.16666666666667
7,172818117.95833334,197978896.20833334,93.54166666666667
8,109227960.33333333,129538191.08333333,101.75
9,107330506.75,128180072.83333333,107.16666666666667
10,127718984.25,144766037.66666666,110.16666666666667
11,119224647.16666667,134725146.91666666,110.75
12,126389274.23076923,140871121.69230768,109.0
13,146184773.73333332,159291299.6,101.13333333333334
14,144115983.0,155905612.33333334,101.33333333333333
15,120117122.42857143,132811945.5,105.35714285714286
16,110617216.86666666,126178234.8,107.6
17,137268690.41666666,152115054.33333334,120.5
18,165862059.58333334,176843492.41666666,117.58333333333333
19,145570531.16666666,156305886.66666666,118.58333333333333
20,145121413.0,154218433.5,116.33333333333333
21,190812263.0909091,200275911.4090909,106.95454545454545
22,155722830.2857143,163468887.57142857,109.0
23,141521272.91666666,149983262.5,110.75
24,170617422.83333334,180717244.41666666,110.5
25,183005245.33333334,193777360.25,109.0
26,179093226.14285713,192114475.2857143,106.21428571428571
27,174799565.14285713,186610260.7142857,101.5
28,166993485.33333334,179117028.41666666,110.0
29,182475369.58333334,195040168.16666666,108.0
30,148763158.08333334,162250811.58333334,109.91666666666667
31,134064684.33333333,149076426.08333334,108.58333333333333
32,133108853.25,150177606.16666666,109.83333333333333
33,115311023.75,135326532.33333334,112.91666666666667
34,86155898.91666667,108205408.83333333,114.25
35,83528402.8,115279308.05,109.8
36,79852053.5625,105529132.125,113.125
37,81451524.66666667,99568524.66666667,125.58333333333333
38,86914069.66666667,102326128.08333333,127.83333333333333
39,91542753.0,105592491.41666667,128.25
40,119561053.375,132403535.3125,110.1875
41,107863677.45,121973098.7,97.6
42,108711994.16666667,123144908.41666667,124.58333333333333
43,94296281.18181819,109963444.72727273,124.63636363636364
44,96893133.45454545,112459731.63636364,123.9090909090909
45,142606271.54545453,156661743.36363637,121.72727272727273
46,150439485.8181818,162818344.45454547,116.63636363636364
47,202695349.60869566,214789448.3478261,89.73913043478261
48,171499002.80555555,185343632.1111111,83.61111111111111
49,77289676.66666667,88695051.6111111,109.44444444444444
50,108613725.63636364,120640989.54545455,102.63636363636364
51,164322845.4,180913443.46666667,81.2
52,196334086.94117647,222615748.0,76.29411764705883
